 0 89 21 62 15 37 41 26 72 63 90 69 64 28 76 52 57  2 88 75 95 50 36  3 11  2 57 77 29  9 
89  0 95 82 30 35 74 22 84 23 47 44 95 84 15 86 33  2 54 27 23 94 73 99 84 57 20 11 22 98 
21 95  0  8 88 17 96 79 20 21 87 90 93 45 68 16 93 88 55 48  1 100 18 15 32 73  4 45 74 93 
62 82  8  0 83 27  6 76 23 48 31 61 25 24 31  3 37 64 83 57 22 94 99 87 38 25 75 95 61 65 
15 30 88 83  0 11 45 60 15 70 21 48 32 65  5 17 76 77 84 24  5 66 83 39 80 19 96 33 27 84 
37 35 17 27 11  0 78 97 95 99 41 18 12 100 70 57 50 47 34 53 62 94 95 92 91 18  9 96 22 80 
41 74 96  6 45 78  0 95  2 96 52 62 94 82 84 82 13 11 64  6 53 41 52 51 92 17  6  1 79 28 
26 22 79 76 60 97 95  0  7 43 67 62 66 10 54 10 32  7 73 93 36 16 84 82 28 52 60 52 17 86 
72 84 20 23 15 95  2  7  0 77 55 97  2 85 63 18 39 79 13 93 77 27 14  1 93 83 30 25 91 26 
63 23 21 48 70 99 96 43 77  0 85 64 13  8 69 94 94 20 11 67 90 48 68 64 74 99 77  6 13 48 
90 47 87 31 21 41 52 67 55 85  0 32 15 81 15  3 11 15 52 43 60 34 88 43 15 64 45 55 46 23 
69 44 90 61 48 18 62 62 97 64 32  0  4 82 43 47 84  4 11 29 61  2 14 58 71 37 28 85 97 56 
64 95 93 25 32 12 94 66  2 13 15  4  0 16 33 25 85 23 21 51 96 41 21 93 68 36 86 42  8 12 
28 84 45 24 65 100 82 10 85  8 81 82 16  0 41  8 97 14 28 41 49 92 100 39 48 81 74 81 61 30 
76 15 68 31  5 70 84 54 63 69 15 43 33 41  0 57 64  2 48 28 30 74  8 77 47 64 49 92 43 67 
52 86 16  3 17 57 82 10 18 94  3 47 25  8 57  0 46 25 28 26 76 85 80 69 78 62 34 75 89 92 
57 33 93 37 76 50 13 32 39 94 11 84 85 97 64 46  0 10 11 37 58 67 57 85  2 26  5 14 69 95 
 2  2 88 64 77 47 11  7 79 20 15  4 23 14  2 25 10  0 56 73 45 34 97 52 44 41 70 56 22 86 
88 54 55 83 84 34 64 73 13 11 52 11 21 28 48 28 11 56  0 84  2 17 37 23  5 70 10 48 90 64 
75 27 48 57 24 53  6 93 93 67 43 29 51 41 28 26 37 73 84  0 17 92 57 91 72 41 13 60  6 52 
95 23  1 22  5 62 53 36 77 90 60 61 96 49 30 76 58 45  2 17  0 10 98 40 91 32 59 38 27 36 
50 94 100 94 66 94 41 16 27 48 34  2 41 92 74 85 67 34 17 92 10  0 77 81 61 52 35 67 51  5 
36 73 18 99 83 95 52 84 14 68 88 14 21 100  8 80 57 97 37 57 98 77  0  9 58  7  2 54 49 45 
 3 99 15 87 39 92 51 82  1 64 43 58 93 39 77 69 85 52 23 91 40 81  9  0 83 73 66 54 54  3 
11 84 32 38 80 91 92 28 93 74 15 71 68 48 47 78  2 44  5 72 91 61 58 83  0 51 83 66 40 91 
 2 57 73 25 19 18 17 52 83 99 64 37 36 81 64 62 26 41 70 41 32 52  7 73 51  0 12 30 18 44 
57 20  4 75 96  9  6 60 30 77 45 28 86 74 49 34  5 70 10 13 59 35  2 66 83 12  0 85 48  1 
77 11 45 95 33 96  1 52 25  6 55 85 42 81 92 75 14 56 48 60 38 67 54 54 66 30 85  0 30 34 
29 22 74 61 27 22 79 17 91 13 46 97  8 61 43 89 69 22 90  6 27 51 49 54 40 18 48 30  0 94 
 9 98 93 65 84 80 28 86 26 48 23 56 12 30 67 92 95 86 64 52 36  5 45  3 91 44  1 34 94  0 