 0 83 33 74 17 91 28 70 69 99 44 32 65 49  7 30 95 47 87 91 55 68  7 14 77 60  1  9 11 61 
83  0 40 59 13  1 86 85 99 76 87 49 70 38 77 74 10 43 16 23 81 24 67 36 99 27 95 24 16 63 
33 40  0 26 56 65 98 23 14 33 70 51 24  5 28 78 91 90 29 14  6 33 52 16 11 28 61 34 19 58 
74 59 26  0 53 92 21 38 74 99 51 20 31  8 38 48 97 92 58  6 30 39 38 76 33 45 42 33 34 76 
17 13 56 53  0 55 62 68 90 92 29 37 94 54 63 19 99 61 79 21 90 49 84 85 42 90 70 35 46  2 
91  1 65 92 55  0 80 67 14 39 37  4 76  6 33 31 86 86 82 58 29 68 79 17 92 65 81 66 87 55 
28 86 98 21 62 80  0  3 47 20 37 14 10 56 97 61 33 50 16 28 37 58 24 37 24 10 62 86 37 97 
70 85 23 38 68 67  3  0 75  2  5 66 48 48 58 16 73 47 55 49 79 26 78 20 84 24 42 96 27 94 
69 99 14 74 90 14 47 75  0 31 36 51 63 21 67 20  9 73 27 48 82 72 24 55 53 63 89 35 53 57 
99 76 33 99 92 39 20  2 31  0 39 52 15 72 63 73 39 47 80 20 46 82 96  1 51 25 97 99 67 74 
44 87 70 51 29 37 37  5 36 39  0 14 92 23 90 28 82 43 27 32 40 10 10 30 64 14 52 15 16 40 
32 49 51 20 37  4 14 66 51 52 14  0 83 54 29 24 25 25 59 67 42 63 19 64 64 65  8 86 95  4 
65 70 24 31 94 76 10 48 63 15 92 83  0 100  1 55 17 47 26 92 84 57 74 29  2 70 94 66 26 74 
49 38  5  8 54  6 56 48 21 72 23 54 100  0 80 99 99 25  3 21 95 64  8 84 83 12 18 73 37 51 
 7 77 28 38 63 33 97 58 67 63 90 29  1 80  0 65 80 37  4 36 73 39 97 63 65 95 83 63 17 28 
30 74 78 48 19 31 61 16 20 73 28 24 55 99 65  0 19 68 42 27 87 58 26 39 99 41 54 16 85 77 
95 10 91 97 99 86 33 73  9 39 82 25 17 99 80 19  0 16 83 48 34 43 46 73 63 100 10 46 22 83 
47 43 90 92 61 86 50 47 73 47 43 25 47 25 37 68 16  0 36 83 78 98  2 61 28 82 91 94 10 95 
87 16 29 58 79 82 16 55 27 80 27 59 26  3  4 42 83 36  0  3 49 21 22 36 59 49  2 24 44 65 
91 23 14  6 21 58 28 49 48 20 32 67 92 21 36 27 48 83  3  0 56 92 38 86 87 42 36 75  1 63 
55 81  6 30 90 29 37 79 82 46 40 42 84 95 73 87 34 78 49 56  0 58 92 64 51 10 67 17 81 58 
68 24 33 39 49 68 58 26 72 82 10 63 57 64 39 58 43 98 21 92 58  0 29 99 90 84 45 12 91 66 
 7 67 52 38 84 79 24 78 24 96 10 19 74  8 97 26 46  2 22 38 92 29  0 29  6 55 78 49 75 29 
14 36 16 76 85 17 37 20 55  1 30 64 29 84 63 39 73 61 36 86 64 99 29  0 31 24 19 67 34 20 
77 99 11 33 42 92 24 84 53 51 64 64  2 83 65 99 63 28 59 87 51 90  6 31  0  4 58 19  4 86 
60 27 28 45 90 65 10 24 63 25 14 65 70 12 95 41 100 82 49 42 10 84 55 24  4  0 18 63 84 43 
 1 95 61 42 70 81 62 42 89 97 52  8 94 18 83 54 10 91  2 36 67 45 78 19 58 18  0  6 10 16 
 9 24 34 33 35 66 86 96 35 99 15 86 66 73 63 16 46 94 24 75 17 12 49 67 19 63  6  0 63 75 
11 16 19 34 46 87 37 27 53 67 16 95 26 37 17 85 22 10 44  1 81 91 75 34  4 84 10 63  0 26 
61 63 58 76  2 55 97 94 57 74 40  4 74 51 28 77 83 95 65 63 58 66 29 20 86 43 16 75 26  0 