0 53 82 73 92 98 87 28 75 16 54 32 99 69 3 9 32 38 84 36 18 68 75 21 94 14 59 2 25 70 
53 0 41 69 3 61 12 39 12 80 55 42 17 95 77 83 64 96 31 74 37 72 13 51 86 31 66 83 68 41 
82 41 0 98 13 8 96 20 16 52 71 88 97 84 5 34 100 51 24 46 29 90 97 10 36 28 89 28 36 83 
73 69 98 0 46 57 68 68 55 3 89 51 47 39 5 60 38 94 91 12 98 74 29 73 68 37 84 67 8 84 
92 3 13 46 0 30 17 51 15 34 26 70 34 53 42 28 92 30 27 90 81 22 92 18 10 24 98 98 36 46 
98 61 8 57 30 0 71 25 74 37 92 7 1 47 88 33 17 6 40 50 86 40 82 55 28 7 84 42 10 3 
87 12 96 68 17 71 0 33 27 71 28 55 7 19 71 24 60 37 41 90 5 82 50 89 97 64 40 54 10 44 
28 39 20 68 51 25 33 0 50 25 72 48 90 7 28 77 52 38 80 26 46 17 2 36 22 6 43 72 85 39 
75 12 16 55 15 74 27 50 0 28 31 34 39 43 53 69 4 76 7 2 47 60 63 6 84 4 48 58 82 26 
16 80 52 3 34 37 71 25 28 0 51 15 93 49 5 27 95 47 48 86 1 6 47 18 19 88 73 35 97 64 
54 55 71 89 26 92 28 72 31 51 0 1 74 41 52 12 5 21 36 20 75 49 7 5 24 79 83 97 10 18 
32 42 88 51 70 7 55 48 34 15 1 0 4 2 91 38 19 61 56 65 52 60 78 48 7 91 36 5 46 25 
99 17 97 47 34 1 7 90 39 93 74 4 0 37 74 1 14 61 35 23 86 43 7 75 42 13 96 98 100 70 
69 95 84 39 53 47 19 7 43 49 41 2 37 0 37 96 81 85 39 43 10 21 6 24 98 70 76 80 92 89 
3 77 5 5 42 88 71 28 53 5 52 91 74 37 0 60 68 6 44 53 14 57 32 79 33 74 82 3 48 48 
9 83 34 60 28 33 24 77 69 27 12 38 1 96 60 0 21 48 72 56 36 77 31 50 22 69 61 72 72 44 
32 64 100 38 92 17 60 52 4 95 5 19 14 81 68 21 0 55 62 64 63 32 38 36 8 75 64 58 70 25 
38 96 51 94 30 6 37 38 76 47 21 61 61 85 6 48 55 0 27 68 1 21 35 19 45 5 61 64 98 24 
84 31 24 91 27 40 41 80 7 48 36 56 35 39 44 72 62 27 0 34 85 46 70 23 59 42 63 62 34 90 
36 74 46 12 90 50 90 26 2 86 20 65 23 43 53 56 64 68 34 0 47 7 67 42 60 94 90 26 99 55 
18 37 29 98 81 86 5 46 47 1 75 52 86 10 14 36 63 1 85 47 0 83 62 50 12 91 52 40 95 11 
68 72 90 74 22 40 82 17 60 6 49 60 43 21 57 77 32 21 46 7 83 0 30 25 59 56 29 96 81 50 
75 13 97 29 92 82 50 2 63 47 7 78 7 6 32 31 38 35 70 67 62 30 0 47 54 14 77 43 48 48 
21 51 10 73 18 55 89 36 6 18 5 48 75 24 79 50 36 19 23 42 50 25 47 0 94 61 50 59 89 33 
94 86 36 68 10 28 97 22 84 19 24 7 42 98 33 22 8 45 59 60 12 59 54 94 0 18 35 15 26 26 
14 31 28 37 24 7 64 6 4 88 79 91 13 70 74 69 75 5 42 94 91 56 14 61 18 0 51 100 44 33 
59 66 89 84 98 84 40 43 48 73 83 36 96 76 82 61 64 61 63 90 52 29 77 50 35 51 0 37 67 65 
2 83 28 67 98 42 54 72 58 35 97 5 98 80 3 72 58 64 62 26 40 96 43 59 15 100 37 0 42 24 
25 68 36 8 36 10 10 85 82 97 10 46 100 92 48 72 70 98 34 99 95 81 48 89 26 44 67 42 0 82 
70 41 83 84 46 3 44 39 26 64 18 25 70 89 48 44 25 24 90 55 11 50 48 33 26 33 65 24 82 0 